#ifndef INNER20_H
#define INNER20_H

double innerprodN1[] = {0.70710678118654752440,0.70710678118654752440,-0.70710678118654752440,0.70710678118654752440};

double innerprodN2[] = {0.50000000000000000000,0.70710678118654752440,0.50000000000000000000,-0.70710678118654752440,0,0.70710678118654752440,0.50000000000000000000,-0.70710678118654752440,0.50000000000000000000};

double innerprodN3[] = {0.35355339059327376220,0.61237243569579452455,0.61237243569579452455,0.35355339059327376220,-0.61237243569579452455,-0.35355339059327376220,0.35355339059327376220,0.61237243569579452455,0.61237243569579452455,-0.35355339059327376220,-0.35355339059327376220,0.61237243569579452455,-0.35355339059327376220,0.61237243569579452455,-0.61237243569579452455,0.35355339059327376220};

double innerprodN4[] = {0.25000000000000000000,0.50000000000000000000,0.61237243569579452455,0.50000000000000000000,0.25000000000000000000,-0.50000000000000000000,-0.50000000000000000000,0,0.50000000000000000000,0.50000000000000000000,0.61237243569579452455,0,-0.50000000000000000000,0,0.61237243569579452455,-0.50000000000000000000,0.50000000000000000000,0,-0.50000000000000000000,0.50000000000000000000,0.25000000000000000000,-0.50000000000000000000,0.61237243569579452455,-0.50000000000000000000,0.25000000000000000000};

double innerprodN5[] = {0.17677669529663688110,0.39528470752104741650,0.55901699437494742410,0.55901699437494742410,0.39528470752104741650,0.17677669529663688110,-0.39528470752104741650,-0.53033008588991064330,-0.25000000000000000000,0.25000000000000000000,0.53033008588991064330,0.39528470752104741650,0.55901699437494742410,0.25000000000000000000,-0.35355339059327376220,-0.35355339059327376220,0.25000000000000000000,0.55901699437494742410,-0.55901699437494742410,0.25000000000000000000,0.35355339059327376220,-0.35355339059327376220,-0.25000000000000000000,0.55901699437494742410,0.39528470752104741650,-0.53033008588991064330,0.25000000000000000000,0.25000000000000000000,-0.53033008588991064330,0.39528470752104741650,-0.17677669529663688110,0.39528470752104741650,-0.55901699437494742410,0.55901699437494742410,-0.39528470752104741650,0.17677669529663688110};

double innerprodN6[] = {0.12500000000000000000,0.30618621784789726227,0.48412291827592711065,0.55901699437494742410,0.48412291827592711065,0.30618621784789726227,0.12500000000000000000,-0.30618621784789726227,-0.50000000000000000000,-0.39528470752104741650,0,0.39528470752104741650,0.50000000000000000000,0.30618621784789726227,0.48412291827592711065,0.39528470752104741650,-0.12500000000000000000,-0.43301270189221932338,-0.12500000000000000000,0.39528470752104741650,0.48412291827592711065,-0.55901699437494742410,0,0.43301270189221932338,0,-0.43301270189221932338,0,0.55901699437494742410,0.48412291827592711065,-0.39528470752104741650,-0.12500000000000000000,0.43301270189221932338,-0.12500000000000000000,-0.39528470752104741650,0.48412291827592711065,-0.30618621784789726227,0.50000000000000000000,-0.39528470752104741650,0,0.39528470752104741650,-0.50000000000000000000,0.30618621784789726227,0.12500000000000000000,-0.30618621784789726227,0.48412291827592711065,-0.55901699437494742410,0.48412291827592711065,-0.30618621784789726227,0.12500000000000000000};

double innerprodN7[] = {0.088388347648318440550,0.23385358667337133660,0.40504629365049126444,0.52291251658379721749,0.52291251658379721749,0.40504629365049126444,0.23385358667337133660,0.088388347648318440550,-0.23385358667337133660,-0.44194173824159220275,-0.45927932677184589341,-0.19764235376052370825,0.19764235376052370825,0.45927932677184589341,0.44194173824159220275,0.23385358667337133660,0.40504629365049126444,0.45927932677184589341,0.088388347648318440550,-0.34232659844072882091,-0.34232659844072882091,0.088388347648318440550,0.45927932677184589341,0.40504629365049126444,-0.52291251658379721749,-0.19764235376052370825,0.34232659844072882091,0.26516504294495532165,-0.26516504294495532165,-0.34232659844072882091,0.19764235376052370825,0.52291251658379721749,0.52291251658379721749,-0.19764235376052370825,-0.34232659844072882091,0.26516504294495532165,0.26516504294495532165,-0.34232659844072882091,-0.19764235376052370825,0.52291251658379721749,-0.40504629365049126444,0.45927932677184589341,-0.088388347648318440550,-0.34232659844072882091,0.34232659844072882091,0.088388347648318440550,-0.45927932677184589341,0.40504629365049126444,0.23385358667337133660,-0.44194173824159220275,0.45927932677184589341,-0.19764235376052370825,-0.19764235376052370825,0.45927932677184589341,-0.44194173824159220275,0.23385358667337133660,-0.088388347648318440550,0.23385358667337133660,-0.40504629365049126444,0.52291251658379721749,-0.52291251658379721749,0.40504629365049126444,-0.23385358667337133660,0.088388347648318440550};

double innerprodN8[] = {0.062500000000000000000,0.17677669529663688110,0.33071891388307382381,0.46770717334674267320,0.52291251658379721749,0.46770717334674267320,0.33071891388307382381,0.17677669529663688110,0.062500000000000000000,-0.17677669529663688110,-0.37500000000000000000,-0.46770717334674267320,-0.33071891388307382381,0,0.33071891388307382381,0.46770717334674267320,0.37500000000000000000,0.17677669529663688110,0.33071891388307382381,0.46770717334674267320,0.25000000000000000000,-0.17677669529663688110,-0.39528470752104741650,-0.17677669529663688110,0.25000000000000000000,0.46770717334674267320,0.33071891388307382381,-0.46770717334674267320,-0.33071891388307382381,0.17677669529663688110,0.37500000000000000000,0,-0.37500000000000000000,-0.17677669529663688110,0.33071891388307382381,0.46770717334674267320,0.52291251658379721749,0,-0.39528470752104741650,0,0.37500000000000000000,0,-0.39528470752104741650,0,0.52291251658379721749,-0.46770717334674267320,0.33071891388307382381,0.17677669529663688110,-0.37500000000000000000,0,0.37500000000000000000,-0.17677669529663688110,-0.33071891388307382381,0.46770717334674267320,0.33071891388307382381,-0.46770717334674267320,0.25000000000000000000,0.17677669529663688110,-0.39528470752104741650,0.17677669529663688110,0.25000000000000000000,-0.46770717334674267320,0.33071891388307382381,-0.17677669529663688110,0.37500000000000000000,-0.46770717334674267320,0.33071891388307382381,0,-0.33071891388307382381,0.46770717334674267320,-0.37500000000000000000,0.17677669529663688110,0.062500000000000000000,-0.17677669529663688110,0.33071891388307382381,-0.46770717334674267320,0.52291251658379721749,-0.46770717334674267320,0.33071891388307382381,-0.17677669529663688110,0.062500000000000000000};

double innerprodN9[] = {0.044194173824159220275,0.13258252147247766083,0.26516504294495532165,0.40504629365049126444,0.49607837082461073572,0.49607837082461073572,0.40504629365049126444,0.26516504294495532165,0.13258252147247766083,0.044194173824159220275,-0.13258252147247766083,-0.30935921676911454193,-0.44194173824159220275,-0.40504629365049126444,-0.16535945694153691191,0.16535945694153691191,0.40504629365049126444,0.44194173824159220275,0.30935921676911454193,0.13258252147247766083,0.26516504294495532165,0.44194173824159220275,0.35355339059327376220,0,-0.33071891388307382381,-0.33071891388307382381,0,0.35355339059327376220,0.44194173824159220275,0.26516504294495532165,-0.40504629365049126444,-0.40504629365049126444,0,0.35355339059327376220,0.21650635094610966169,-0.21650635094610966169,-0.35355339059327376220,0,0.40504629365049126444,0.40504629365049126444,0.49607837082461073572,0.16535945694153691191,-0.33071891388307382381,-0.21650635094610966169,0.26516504294495532165,0.26516504294495532165,-0.21650635094610966169,-0.33071891388307382381,0.16535945694153691191,0.49607837082461073572,-0.49607837082461073572,0.16535945694153691191,0.33071891388307382381,-0.21650635094610966169,-0.26516504294495532165,0.26516504294495532165,0.21650635094610966169,-0.33071891388307382381,-0.16535945694153691191,0.49607837082461073572,0.40504629365049126444,-0.40504629365049126444,0,0.35355339059327376220,-0.21650635094610966169,-0.21650635094610966169,0.35355339059327376220,0,-0.40504629365049126444,0.40504629365049126444,-0.26516504294495532165,0.44194173824159220275,-0.35355339059327376220,0,0.33071891388307382381,-0.33071891388307382381,0,0.35355339059327376220,-0.44194173824159220275,0.26516504294495532165,0.13258252147247766083,-0.30935921676911454193,0.44194173824159220275,-0.40504629365049126444,0.16535945694153691191,0.16535945694153691191,-0.40504629365049126444,0.44194173824159220275,-0.30935921676911454193,0.13258252147247766083,-0.044194173824159220275,0.13258252147247766083,-0.26516504294495532165,0.40504629365049126444,-0.49607837082461073572,0.49607837082461073572,-0.40504629365049126444,0.26516504294495532165,-0.13258252147247766083,0.044194173824159220275};

double innerprodN10[] = {0.031250000000000000000,0.098821176880261854125,0.20963137289060528404,0.34232659844072882091,0.45285552331841995543,0.49607837082461073572,0.45285552331841995543,0.34232659844072882091,0.20963137289060528404,0.098821176880261854125,0.031250000000000000000,-0.098821176880261854125,-0.25000000000000000000,-0.39774756441743298248,-0.43301270189221932338,-0.28641098093474000041,0,0.28641098093474000041,0.43301270189221932338,0.39774756441743298248,0.25000000000000000000,0.098821176880261854125,0.20963137289060528404,0.39774756441743298248,0.40625000000000000000,0.15309310892394863114,-0.20252314682524563222,-0.36975498644372600266,-0.20252314682524563222,0.15309310892394863114,0.40625000000000000000,0.39774756441743298248,0.20963137289060528404,-0.34232659844072882091,-0.43301270189221932338,-0.15309310892394863114,0.25000000000000000000,0.33071891388307382381,0,-0.33071891388307382381,-0.25000000000000000000,0.15309310892394863114,0.43301270189221932338,0.34232659844072882091,0.45285552331841995543,0.28641098093474000041,-0.20252314682524563222,-0.33071891388307382381,0.062500000000000000000,0.34232659844072882091,0.062500000000000000000,-0.33071891388307382381,-0.20252314682524563222,0.28641098093474000041,0.45285552331841995543,-0.49607837082461073572,0,0.36975498644372600266,0,-0.34232659844072882091,0,0.34232659844072882091,0,-0.36975498644372600266,0,0.49607837082461073572,0.45285552331841995543,-0.28641098093474000041,-0.20252314682524563222,0.33071891388307382381,0.062500000000000000000,-0.34232659844072882091,0.062500000000000000000,0.33071891388307382381,-0.20252314682524563222,-0.28641098093474000041,0.45285552331841995543,-0.34232659844072882091,0.43301270189221932338,-0.15309310892394863114,-0.25000000000000000000,0.33071891388307382381,0,-0.33071891388307382381,0.25000000000000000000,0.15309310892394863114,-0.43301270189221932338,0.34232659844072882091,0.20963137289060528404,-0.39774756441743298248,0.40625000000000000000,-0.15309310892394863114,-0.20252314682524563222,0.36975498644372600266,-0.20252314682524563222,-0.15309310892394863114,0.40625000000000000000,-0.39774756441743298248,0.20963137289060528404,-0.098821176880261854125,0.25000000000000000000,-0.39774756441743298248,0.43301270189221932338,-0.28641098093474000041,0,0.28641098093474000041,-0.43301270189221932338,0.39774756441743298248,-0.25000000000000000000,0.098821176880261854125,0.031250000000000000000,-0.098821176880261854125,0.20963137289060528404,-0.34232659844072882091,0.45285552331841995543,-0.49607837082461073572,0.45285552331841995543,-0.34232659844072882091,0.20963137289060528404,-0.098821176880261854125,0.031250000000000000000};

double innerprodN11[] = {0.022097086912079610138,0.073287746247241086790,0.16387638252658617922,0.28384222069663984363,0.40141351808328528188,0.47495887979908323849,0.47495887979908323849,0.40141351808328528188,0.28384222069663984363,0.16387638252658617922,0.073287746247241086790,0.022097086912079610138,-0.073287746247241086790,-0.19887378220871649124,-0.34587411908091648944,-0.42790824805091102614,-0.36309218870694533299,-0.14320549046737000021,0.14320549046737000021,0.36309218870694533299,0.42790824805091102614,0.34587411908091648944,0.19887378220871649124,0.073287746247241086790,0.16387638252658617922,0.34587411908091648944,0.41984465132951259261,0.26791294061691010449,-0.054126587736527415423,-0.32021721143623744948,-0.32021721143623744948,-0.054126587736527415423,0.26791294061691010449,0.41984465132951259261,0.34587411908091648944,0.16387638252658617922,-0.28384222069663984363,-0.42790824805091102614,-0.26791294061691010449,0.11048543456039805069,0.34375000000000000000,0.18487749322186300133,-0.18487749322186300133,-0.34375000000000000000,-0.11048543456039805069,0.26791294061691010449,0.42790824805091102614,0.28384222069663984363,0.40141351808328528188,0.36309218870694533299,-0.054126587736527415423,-0.34375000000000000000,-0.13258252147247766083,0.26145625829189860874,0.26145625829189860874,-0.13258252147247766083,-0.34375000000000000000,-0.054126587736527415423,0.36309218870694533299,0.40141351808328528188,-0.47495887979908323849,-0.14320549046737000021,0.32021721143623744948,0.18487749322186300133,-0.26145625829189860874,-0.22097086912079610138,0.22097086912079610138,0.26145625829189860874,-0.18487749322186300133,-0.32021721143623744948,0.14320549046737000021,0.47495887979908323849,0.47495887979908323849,-0.14320549046737000021,-0.32021721143623744948,0.18487749322186300133,0.26145625829189860874,-0.22097086912079610138,-0.22097086912079610138,0.26145625829189860874,0.18487749322186300133,-0.32021721143623744948,-0.14320549046737000021,0.47495887979908323849,-0.40141351808328528188,0.36309218870694533299,0.054126587736527415423,-0.34375000000000000000,0.13258252147247766083,0.26145625829189860874,-0.26145625829189860874,-0.13258252147247766083,0.34375000000000000000,-0.054126587736527415423,-0.36309218870694533299,0.40141351808328528188,0.28384222069663984363,-0.42790824805091102614,0.26791294061691010449,0.11048543456039805069,-0.34375000000000000000,0.18487749322186300133,0.18487749322186300133,-0.34375000000000000000,0.11048543456039805069,0.26791294061691010449,-0.42790824805091102614,0.28384222069663984363,-0.16387638252658617922,0.34587411908091648944,-0.41984465132951259261,0.26791294061691010449,0.054126587736527415423,-0.32021721143623744948,0.32021721143623744948,-0.054126587736527415423,-0.26791294061691010449,0.41984465132951259261,-0.34587411908091648944,0.16387638252658617922,0.073287746247241086790,-0.19887378220871649124,0.34587411908091648944,-0.42790824805091102614,0.36309218870694533299,-0.14320549046737000021,-0.14320549046737000021,0.36309218870694533299,-0.42790824805091102614,0.34587411908091648944,-0.19887378220871649124,0.073287746247241086790,-0.022097086912079610138,0.073287746247241086790,-0.16387638252658617922,0.28384222069663984363,-0.40141351808328528188,0.47495887979908323849,-0.47495887979908323849,0.40141351808328528188,-0.28384222069663984363,0.16387638252658617922,-0.073287746247241086790,0.022097086912079610138};

double innerprodN12[] = {0.015625000000000000000,0.054126587736527415423,0.12693810007243688063,0.23175620272173946715,0.34763430408260920072,0.43972647748344652074,0.47495887979908323849,0.43972647748344652074,0.34763430408260920072,0.23175620272173946715,0.12693810007243688063,0.054126587736527415423,0.015625000000000000000,-0.054126587736527415423,-0.15625000000000000000,-0.29315098498896434716,-0.40141351808328528188,-0.40141351808328528188,-0.25387620014487376126,0,0.25387620014487376126,0.40141351808328528188,0.40141351808328528188,0.29315098498896434716,0.15625000000000000000,0.054126587736527415423,0.12693810007243688063,0.29315098498896434716,0.40625000000000000000,0.34232659844072882091,0.085581649610182205228,-0.21650635094610966169,-0.35078038001005700490,-0.21650635094610966169,0.085581649610182205228,0.34232659844072882091,0.40625000000000000000,0.29315098498896434716,0.12693810007243688063,-0.23175620272173946715,-0.40141351808328528188,-0.34232659844072882091,-0.031250000000000000000,0.28125000000000000000,0.29646353064078556237,0,-0.29646353064078556237,-0.28125000000000000000,0.031250000000000000000,0.34232659844072882091,0.40141351808328528188,0.23175620272173946715,0.34763430408260920072,0.40141351808328528188,0.085581649610182205228,-0.28125000000000000000,-0.26562500000000000000,0.098821176880261854125,0.32021721143623744948,0.098821176880261854125,-0.26562500000000000000,-0.28125000000000000000,0.085581649610182205228,0.40141351808328528188,0.34763430408260920072,-0.43972647748344652074,-0.25387620014487376126,0.21650635094610966169,0.29646353064078556237,-0.098821176880261854125,-0.31250000000000000000,0,0.31250000000000000000,0.098821176880261854125,-0.29646353064078556237,-0.21650635094610966169,0.25387620014487376126,0.43972647748344652074,0.47495887979908323849,0,-0.35078038001005700490,0,0.32021721143623744948,0,-0.31250000000000000000,0,0.32021721143623744948,0,-0.35078038001005700490,0,0.47495887979908323849,-0.43972647748344652074,0.25387620014487376126,0.21650635094610966169,-0.29646353064078556237,-0.098821176880261854125,0.31250000000000000000,0,-0.31250000000000000000,0.098821176880261854125,0.29646353064078556237,-0.21650635094610966169,-0.25387620014487376126,0.43972647748344652074,0.34763430408260920072,-0.40141351808328528188,0.085581649610182205228,0.28125000000000000000,-0.26562500000000000000,-0.098821176880261854125,0.32021721143623744948,-0.098821176880261854125,-0.26562500000000000000,0.28125000000000000000,0.085581649610182205228,-0.40141351808328528188,0.34763430408260920072,-0.23175620272173946715,0.40141351808328528188,-0.34232659844072882091,0.031250000000000000000,0.28125000000000000000,-0.29646353064078556237,0,0.29646353064078556237,-0.28125000000000000000,-0.031250000000000000000,0.34232659844072882091,-0.40141351808328528188,0.23175620272173946715,0.12693810007243688063,-0.29315098498896434716,0.40625000000000000000,-0.34232659844072882091,0.085581649610182205228,0.21650635094610966169,-0.35078038001005700490,0.21650635094610966169,0.085581649610182205228,-0.34232659844072882091,0.40625000000000000000,-0.29315098498896434716,0.12693810007243688063,-0.054126587736527415423,0.15625000000000000000,-0.29315098498896434716,0.40141351808328528188,-0.40141351808328528188,0.25387620014487376126,0,-0.25387620014487376126,0.40141351808328528188,-0.40141351808328528188,0.29315098498896434716,-0.15625000000000000000,0.054126587736527415423,0.015625000000000000000,-0.054126587736527415423,0.12693810007243688063,-0.23175620272173946715,0.34763430408260920072,-0.43972647748344652074,0.47495887979908323849,-0.43972647748344652074,0.34763430408260920072,-0.23175620272173946715,0.12693810007243688063,-0.054126587736527415423,0.015625000000000000000};

double innerprodN13[] = {0.011048543456039805069,0.039836089949943631485,0.097578093724974971966,0.18684782411095934408,0.29543235001857870338,0.39636409043643194293,0.45768182862115030664,0.45768182862115030664,0.39636409043643194293,0.29543235001857870338,0.18684782411095934408,0.097578093724974971966,0.039836089949943631485,0.011048543456039805069,-0.039836089949943631485,-0.12153397801643785576,-0.24356964481437336940,-0.36275583644512185850,-0.40969095631646544804,-0.32979485811258489056,-0.12693810007243688063,0.12693810007243688063,0.32979485811258489056,0.40969095631646544804,0.36275583644512185850,0.24356964481437336940,0.12153397801643785576,0.039836089949943631485,0.097578093724974971966,0.24356964481437336940,0.37565047750535337234,0.38081430021731064190,0.20070675904164264094,-0.089758791352156697810,-0.31093357409581873585,-0.31093357409581873585,-0.089758791352156697810,0.20070675904164264094,0.38081430021731064190,0.37565047750535337234,0.24356964481437336940,0.097578093724974971966,-0.18684782411095934408,-0.36275583644512185850,-0.38081430021731064190,-0.15467960838455727096,0.17469281074217107003,0.32812500000000000000,0.16237976320958224627,-0.16237976320958224627,-0.32812500000000000000,-0.17469281074217107003,0.15467960838455727096,0.38081430021731064190,0.36275583644512185850,0.18684782411095934408,0.29543235001857870338,0.40969095631646544804,0.20070675904164264094,-0.17469281074217107003,-0.32040776022515434699,-0.074115882660196390594,0.25674494883054661568,0.25674494883054661568,-0.074115882660196390594,-0.32040776022515434699,-0.17469281074217107003,0.20070675904164264094,0.40969095631646544804,0.29543235001857870338,-0.39636409043643194293,-0.32979485811258489056,0.089758791352156697810,0.32812500000000000000,0.074115882660196390594,-0.27621358640099512672,-0.19136638615493578892,0.19136638615493578892,0.27621358640099512672,-0.074115882660196390594,-0.32812500000000000000,-0.089758791352156697810,0.32979485811258489056,0.39636409043643194293,0.45768182862115030664,0.12693810007243688063,-0.31093357409581873585,-0.16237976320958224627,0.25674494883054661568,0.19136638615493578892,-0.22097086912079610138,-0.22097086912079610138,0.19136638615493578892,0.25674494883054661568,-0.16237976320958224627,-0.31093357409581873585,0.12693810007243688063,0.45768182862115030664,-0.45768182862115030664,0.12693810007243688063,0.31093357409581873585,-0.16237976320958224627,-0.25674494883054661568,0.19136638615493578892,0.22097086912079610138,-0.22097086912079610138,-0.19136638615493578892,0.25674494883054661568,0.16237976320958224627,-0.31093357409581873585,-0.12693810007243688063,0.45768182862115030664,0.39636409043643194293,-0.32979485811258489056,-0.089758791352156697810,0.32812500000000000000,-0.074115882660196390594,-0.27621358640099512672,0.19136638615493578892,0.19136638615493578892,-0.27621358640099512672,-0.074115882660196390594,0.32812500000000000000,-0.089758791352156697810,-0.32979485811258489056,0.39636409043643194293,-0.29543235001857870338,0.40969095631646544804,-0.20070675904164264094,-0.17469281074217107003,0.32040776022515434699,-0.074115882660196390594,-0.25674494883054661568,0.25674494883054661568,0.074115882660196390594,-0.32040776022515434699,0.17469281074217107003,0.20070675904164264094,-0.40969095631646544804,0.29543235001857870338,0.18684782411095934408,-0.36275583644512185850,0.38081430021731064190,-0.15467960838455727096,-0.17469281074217107003,0.32812500000000000000,-0.16237976320958224627,-0.16237976320958224627,0.32812500000000000000,-0.17469281074217107003,-0.15467960838455727096,0.38081430021731064190,-0.36275583644512185850,0.18684782411095934408,-0.097578093724974971966,0.24356964481437336940,-0.37565047750535337234,0.38081430021731064190,-0.20070675904164264094,-0.089758791352156697810,0.31093357409581873585,-0.31093357409581873585,0.089758791352156697810,0.20070675904164264094,-0.38081430021731064190,0.37565047750535337234,-0.24356964481437336940,0.097578093724974971966,0.039836089949943631485,-0.12153397801643785576,0.24356964481437336940,-0.36275583644512185850,0.40969095631646544804,-0.32979485811258489056,0.12693810007243688063,0.12693810007243688063,-0.32979485811258489056,0.40969095631646544804,-0.36275583644512185850,0.24356964481437336940,-0.12153397801643785576,0.039836089949943631485,-0.011048543456039805069,0.039836089949943631485,-0.097578093724974971966,0.18684782411095934408,-0.29543235001857870338,0.39636409043643194293,-0.45768182862115030664,0.45768182862115030664,-0.39636409043643194293,0.29543235001857870338,-0.18684782411095934408,0.097578093724974971966,-0.039836089949943631485,0.011048543456039805069};

double innerprodN14[] = {0.0078125000000000000000,0.029231698334171417075,0.074526500110698878840,0.14905300022139775768,0.24717643780556835268,0.34956027064370458860,0.42812214871313303732,0.45768182862115030664,0.42812214871313303732,0.34956027064370458860,0.24717643780556835268,0.14905300022139775768,0.074526500110698878840,0.029231698334171417075,0.0078125000000000000000,-0.029231698334171417075,-0.093750000000000000000,-0.19918044974971815742,-0.31868871959954905188,-0.39636409043643194293,-0.37369564822191868816,-0.22884091431057515332,0,0.22884091431057515332,0.37369564822191868816,0.39636409043643194293,0.31868871959954905188,0.19918044974971815742,0.093750000000000000000,0.029231698334171417075,0.074526500110698878840,0.19918044974971815742,0.33593750000000000000,0.39062500000000000000,0.28502244292116717453,0.036643873123620543395,-0.22439697838039174453,-0.33584664469069807874,-0.22439697838039174453,0.036643873123620543395,0.28502244292116717453,0.39062500000000000000,0.33593750000000000000,0.19918044974971815742,0.074526500110698878840,-0.14905300022139775768,-0.31868871959954905188,-0.39062500000000000000,-0.25000000000000000000,0.051822262349303122642,0.29315098498896434716,0.26927637405647009343,0,-0.26927637405647009343,-0.29315098498896434716,-0.051822262349303122642,0.25000000000000000000,0.39062500000000000000,0.31868871959954905188,0.14905300022139775768,0.24717643780556835268,0.39636409043643194293,0.28502244292116717453,-0.051822262349303122642,-0.30468750000000000000,-0.20992232566475629631,0.12178482240718668470,0.30378472023786844833,0.12178482240718668470,-0.20992232566475629631,-0.30468750000000000000,-0.051822262349303122642,0.28502244292116717453,0.39636409043643194293,0.24717643780556835268,-0.34956027064370458860,-0.37369564822191868816,-0.036643873123620543395,0.29315098498896434716,0.20992232566475629631,-0.15625000000000000000,-0.28704957923240368338,0,0.28704957923240368338,0.15625000000000000000,-0.20992232566475629631,-0.29315098498896434716,0.036643873123620543395,0.37369564822191868816,0.34956027064370458860,0.42812214871313303732,0.22884091431057515332,-0.22439697838039174453,-0.26927637405647009343,0.12178482240718668470,0.28704957923240368338,-0.039062500000000000000,-0.29231698334171417075,-0.039062500000000000000,0.28704957923240368338,0.12178482240718668470,-0.26927637405647009343,-0.22439697838039174453,0.22884091431057515332,0.42812214871313303732,-0.45768182862115030664,0,0.33584664469069807874,0,-0.30378472023786844833,0,0.29231698334171417075,0,-0.29231698334171417075,0,0.30378472023786844833,0,-0.33584664469069807874,0,0.45768182862115030664,0.42812214871313303732,-0.22884091431057515332,-0.22439697838039174453,0.26927637405647009343,0.12178482240718668470,-0.28704957923240368338,-0.039062500000000000000,0.29231698334171417075,-0.039062500000000000000,-0.28704957923240368338,0.12178482240718668470,0.26927637405647009343,-0.22439697838039174453,-0.22884091431057515332,0.42812214871313303732,-0.34956027064370458860,0.37369564822191868816,-0.036643873123620543395,-0.29315098498896434716,0.20992232566475629631,0.15625000000000000000,-0.28704957923240368338,0,0.28704957923240368338,-0.15625000000000000000,-0.20992232566475629631,0.29315098498896434716,0.036643873123620543395,-0.37369564822191868816,0.34956027064370458860,0.24717643780556835268,-0.39636409043643194293,0.28502244292116717453,0.051822262349303122642,-0.30468750000000000000,0.20992232566475629631,0.12178482240718668470,-0.30378472023786844833,0.12178482240718668470,0.20992232566475629631,-0.30468750000000000000,0.051822262349303122642,0.28502244292116717453,-0.39636409043643194293,0.24717643780556835268,-0.14905300022139775768,0.31868871959954905188,-0.39062500000000000000,0.25000000000000000000,0.051822262349303122642,-0.29315098498896434716,0.26927637405647009343,0,-0.26927637405647009343,0.29315098498896434716,-0.051822262349303122642,-0.25000000000000000000,0.39062500000000000000,-0.31868871959954905188,0.14905300022139775768,0.074526500110698878840,-0.19918044974971815742,0.33593750000000000000,-0.39062500000000000000,0.28502244292116717453,-0.036643873123620543395,-0.22439697838039174453,0.33584664469069807874,-0.22439697838039174453,-0.036643873123620543395,0.28502244292116717453,-0.39062500000000000000,0.33593750000000000000,-0.19918044974971815742,0.074526500110698878840,-0.029231698334171417075,0.093750000000000000000,-0.19918044974971815742,0.31868871959954905188,-0.39636409043643194293,0.37369564822191868816,-0.22884091431057515332,0,0.22884091431057515332,-0.37369564822191868816,0.39636409043643194293,-0.31868871959954905188,0.19918044974971815742,-0.093750000000000000000,0.029231698334171417075,0.0078125000000000000000,-0.029231698334171417075,0.074526500110698878840,-0.14905300022139775768,0.24717643780556835268,-0.34956027064370458860,0.42812214871313303732,-0.45768182862115030664,0.42812214871313303732,-0.34956027064370458860,0.24717643780556835268,-0.14905300022139775768,0.074526500110698878840,-0.029231698334171417075,0.0078125000000000000000};

double innerprodN15[] = {0.0055242717280199025344,0.021395412402545551307,0.056606940414802494429,0.11783674319529965692,0.20409922621270517693,0.30272807453121192143,0.39082026369627381438,0.44314852502786805507,0.44314852502786805507,0.39082026369627381438,0.30272807453121192143,0.20409922621270517693,0.11783674319529965692,0.056606940414802494429,0.021395412402545551307,0.0055242717280199025344,-0.021395412402545551307,-0.071815532464258732947,-0.16077434083794279391,-0.27382784638002943619,-0.36888735524462613382,-0.39082026369627381438,-0.30272807453121192143,-0.11442045715528757666,0.11442045715528757666,0.30272807453121192143,0.39082026369627381438,0.36888735524462613382,0.27382784638002943619,0.16077434083794279391,0.071815532464258732947,0.021395412402545551307,0.056606940414802494429,0.16077434083794279391,0.29278640158505483432,0.37948972472502466954,0.33860676457452086762,0.14771617500928935169,-0.11442045715528757666,-0.30272807453121192143,-0.30272807453121192143,-0.11442045715528757666,0.14771617500928935169,0.33860676457452086762,0.37948972472502466954,0.29278640158505483432,0.16077434083794279391,0.056606940414802494429,-0.11783674319529965692,-0.27382784638002943619,-0.37948972472502466954,-0.31488348849713444446,-0.066978235154227526123,0.21288166552247988273,0.31147292155077461886,0.14542586303895535074,-0.14542586303895535074,-0.31147292155077461886,-0.21288166552247988273,0.066978235154227526123,0.31488348849713444446,0.37948972472502466954,0.27382784638002943619,0.11783674319529965692,0.20409922621270517693,0.36888735524462613382,0.33860676457452086762,0.066978235154227526123,-0.23754368430485580898,-0.28678366942152581363,-0.031734525018109220158,0.25188498351802355905,0.25188498351802355905,-0.031734525018109220158,-0.28678366942152581363,-0.23754368430485580898,0.066978235154227526123,0.33860676457452086762,0.36888735524462613382,0.20409922621270517693,-0.30272807453121192143,-0.39082026369627381438,-0.14771617500928935169,0.21288166552247988273,0.28678366942152581363,-0.0055242717280199025344,-0.27814036123309216699,-0.16982082124440748329,0.16982082124440748329,0.27814036123309216699,0.0055242717280199025344,-0.28678366942152581363,-0.21288166552247988273,0.14771617500928935169,0.39082026369627381438,0.30272807453121192143,0.39082026369627381438,0.30272807453121192143,-0.11442045715528757666,-0.31147292155077461886,-0.031734525018109220158,0.27814036123309216699,0.13810679320049756336,-0.21923773750628562806,-0.21923773750628562806,0.13810679320049756336,0.27814036123309216699,-0.031734525018109220158,-0.31147292155077461886,-0.11442045715528757666,0.30272807453121192143,0.39082026369627381438,-0.44314852502786805507,-0.11442045715528757666,0.30272807453121192143,0.14542586303895535074,-0.25188498351802355905,-0.16982082124440748329,0.21923773750628562806,0.19334951048069658870,-0.19334951048069658870,-0.21923773750628562806,0.16982082124440748329,0.25188498351802355905,-0.14542586303895535074,-0.30272807453121192143,0.11442045715528757666,0.44314852502786805507,0.44314852502786805507,-0.11442045715528757666,-0.30272807453121192143,0.14542586303895535074,0.25188498351802355905,-0.16982082124440748329,-0.21923773750628562806,0.19334951048069658870,0.19334951048069658870,-0.21923773750628562806,-0.16982082124440748329,0.25188498351802355905,0.14542586303895535074,-0.30272807453121192143,-0.11442045715528757666,0.44314852502786805507,-0.39082026369627381438,0.30272807453121192143,0.11442045715528757666,-0.31147292155077461886,0.031734525018109220158,0.27814036123309216699,-0.13810679320049756336,-0.21923773750628562806,0.21923773750628562806,0.13810679320049756336,-0.27814036123309216699,-0.031734525018109220158,0.31147292155077461886,-0.11442045715528757666,-0.30272807453121192143,0.39082026369627381438,0.30272807453121192143,-0.39082026369627381438,0.14771617500928935169,0.21288166552247988273,-0.28678366942152581363,-0.0055242717280199025344,0.27814036123309216699,-0.16982082124440748329,-0.16982082124440748329,0.27814036123309216699,-0.0055242717280199025344,-0.28678366942152581363,0.21288166552247988273,0.14771617500928935169,-0.39082026369627381438,0.30272807453121192143,-0.20409922621270517693,0.36888735524462613382,-0.33860676457452086762,0.066978235154227526123,0.23754368430485580898,-0.28678366942152581363,0.031734525018109220158,0.25188498351802355905,-0.25188498351802355905,-0.031734525018109220158,0.28678366942152581363,-0.23754368430485580898,-0.066978235154227526123,0.33860676457452086762,-0.36888735524462613382,0.20409922621270517693,0.11783674319529965692,-0.27382784638002943619,0.37948972472502466954,-0.31488348849713444446,0.066978235154227526123,0.21288166552247988273,-0.31147292155077461886,0.14542586303895535074,0.14542586303895535074,-0.31147292155077461886,0.21288166552247988273,0.066978235154227526123,-0.31488348849713444446,0.37948972472502466954,-0.27382784638002943619,0.11783674319529965692,-0.056606940414802494429,0.16077434083794279391,-0.29278640158505483432,0.37948972472502466954,-0.33860676457452086762,0.14771617500928935169,0.11442045715528757666,-0.30272807453121192143,0.30272807453121192143,-0.11442045715528757666,-0.14771617500928935169,0.33860676457452086762,-0.37948972472502466954,0.29278640158505483432,-0.16077434083794279391,0.056606940414802494429,0.021395412402545551307,-0.071815532464258732947,0.16077434083794279391,-0.27382784638002943619,0.36888735524462613382,-0.39082026369627381438,0.30272807453121192143,-0.11442045715528757666,-0.11442045715528757666,0.30272807453121192143,-0.39082026369627381438,0.36888735524462613382,-0.27382784638002943619,0.16077434083794279391,-0.071815532464258732947,0.021395412402545551307,-0.0055242717280199025344,0.021395412402545551307,-0.056606940414802494429,0.11783674319529965692,-0.20409922621270517693,0.30272807453121192143,-0.39082026369627381438,0.44314852502786805507,-0.44314852502786805507,0.39082026369627381438,-0.30272807453121192143,0.20409922621270517693,-0.11783674319529965692,0.056606940414802494429,-0.021395412402545551307,0.0055242717280199025344};

